10101111000011100000011011111000110000010011101100111111000011000101100111001100111100011010110000111100000100110000101010000000
01010010100101000111101011111111111100010001101110011110001100110000001101001111000111100010001001010100000010110101011011001100
11110111101000001011010100110011100111001111111011010010001001111111111010001111010011010000110011100101100101000011010010000011
10101111010000000110100001101011001000100100101100010011101101011111101111000110111000111001100111011000100110111011101001100011
11011111100100010111101111111010011101001111110101111001100001101001101010101001110111011011000110000010000000101011110011110101
11101001101111101010110111011100010100011000100000001010111001101111000100110111111110101110000110010000111110001110110101101101
10011110001100011111000011110100101011001010011111011000111001010101001001000101001111000100101101000000101101101000101111100010
00000101110101001000011110011111111101001111011010011010011100000110100010111111100001100001101100110011001110000110001101011101
10000110001110011101110100111111111110111100101011100000010001100011010101111111001101110111001100001101010101010000111010110000
01100110001110010001111000000011101110110100101101001001001110000101111001010100110011111000101111110011110101010011100111101011
10000110011001000111000110100010110101100111011001001010000110101110010001100111011111101110100110111111111100001011101010110101
11000111011011011100111110011001101111100001110100101010011011101011101101100111001110011110100011100000010001100001000110100111
10011011101111011000011111010111110010100111011111110111011000011000010001001100010101000110111011001001000110101110010011000010
11000000101000010110101011001101101101111001001000110010110110000110100000000110101000010001001000010010010101101101101101000100
10111011000010011000010010010011101000100010011101101110011000110010101100101011010101100000001000011111100111010001111010010010
01011110111000110100010110010101100011000011000000001001100100010111010111011001000110000110101010110101001001101100100010010011
00000100110000011001101001101010100110101001011111001110100010000111101100001100001000010011001010101111100010000100101001111110
11000001001101101110100010101000111111011101101010011110101001000111000111001000011100010111011110010110010111100110111000111000
00011111010000001100110111011010111000011010010101010010011100110010011000001000101000000100111100000100000110100101101111111001
10110010011101000011111000111000001000001001100101010101010111101001011111101110011111011000110011110101011000011100101001000101
00001111001101011000010010011111111000110100000100101100010101110011100110000010010100001001110111000001001001000010111011000001
00001011010000001100110000101101101000001001001110101010000110000110010110110010000001011000111100001000111110101001100101110010
01111110010111101101100011110000110101100110110000101100110100111101101110101010000100011001011111001111111110111111110010011100
00001010101010101010111011100110110011100001101000101000100111111010101111001100110010000110011110001100000000010001000111100011
01010011011001001011010011011110111111010100000100101100100001010001110100010000011011000000111111000111110000000101111111110001
11100111011010111100011010110110000011000101111111111110101000001010110101000111101010011111011110101010110111101001000111010001
00100001100011001010011000100010000000100101110011001001010011010110100001110111101001101100100111110010101100010010100000111100
01101000111100000111110101010010011111001111111100100110001000001101101011110001111100100001011001111011100010100010001101000101
11000011011100100001010010111100111110010010000110010001010101010101110111110101000000101100001010101000111110010111101111101000
00110111011111010100101110110111100110101010101010010101110100000110100001001101100110101111101011001000100110010001011110000001
10100100101101001011000110110011000100111001100011110101110011100110001100010011000010100101101110110000011110010111100100110000
11111000111001000100001000111110001101111001001011011010001110110111000110010010101101101001010001110001010111101011100100001010
00100111010101001111010010110010000111000011111010110111100001011101001100010111110101100100101011101011110100011011101111000111
10101000101101111010000100001110111011011100011110011011011100011101000100100101101000101011110000101101011001101001001101010101
11101111111100101011011001000010110000111011101001100010010010001111101010100101011000001000011100110011001011111111111101100000
01111001101011000111100100100111000110000000100100010100111110010011111110100010001011101010001000010111100001001010100000000000
00000101101010010111100100100001001011011111110111101101111010100000001100011010001111100000010100101011000101001100011011001011
10100010011111100110001011000111101110111000001010100001100111000111100101101010000000010011111110000111011110100000000101000011
00011101010001001010111101101100101011100100001000011111001011001101011001111011011100000100100011110001110011010100100111101011
10011000101011110111100110100011100001001101000010110001011001111111011010110101110110010010101000101100110110001101100100110010
01100101100000001011110110100001111111000000100011101010000011100001001011000101001100001000100000101100010000100000100001001001
11000001101101011010000010001010010000110110011111011010100001001011000011010011110010000000101000100000111010101001001000010101
11101001111000010000000001100110110010101001101101001001110011000001001101111011111111011010010010010101110011010100101010011010
01111100100000100101011111001101110010001001101110011101001100011110110011101110110000101111100011100111000111001011000111001010
10111010011001011110011100000100111010001000101100101010010100110001101001000010000001011001011011001110110111101101000100101011
11100001000111100101100111001110011011010011000000110011110101100000001010111111110011100110110111111110111001100001111011000111
01110001110001001011111001000010100110001000000100001101111110001010010101101010000110001100100001001111011110110100000110000010
01010000110011101101100010011101100100011010100010101000011101010010010111000011100000011100111110101110111100010011110000011001
00101000011010100011110110110101111111111110100101110110101011110001111000111111101110100001110110110010000101111000000001100010
00100011110101011011011101111011100101010100001010111100011100010000110100101000001010011101100111100100010101101000001011101010
